0 0.329845 0.398837 0.106977 0.086047
0 0.281008 0.437209 0.083721 0.065116
0 0.277519 0.543023 0.100000 0.090698
0 0.462403 0.805814 0.093023 0.081395
0 0.314729 0.806977 0.113953 0.106977
0 0.686822 0.346512 0.081395 0.088372
0 0.797287 0.505814 0.148837 0.160465
0 0.942636 0.834884 0.095349 0.116279
0 0.891473 0.902326 0.109302 0.111628
0 0.975388 0.719767 0.049224 0.081395
0 0.476357 0.629070 0.130233 0.113953
0 0.121705 0.183721 0.058140 0.041860
0 0.064729 0.491860 0.088372 0.137209
0 0.091667 0.640698 0.183333 0.100000